0.000000
0.000000
0.000000
0.000000
0.000000
0.649885
0.000000
0.000000
0.107251
0.548475
0.348136
0.532095
0.890690
0.747727
0.001209
0.057578
0.000000
0.238086
0.000000
0.122674
0.519962
0.702440
0.031253
0.087554
0.211804
0.000000
0.158291
0.288803
0.000000
0.752035
0.076544
0.020178
0.069164
0.823306
0.752947
0.238973
0.000000
0.205893
0.000000
0.087541
0.598885
0.000000
0.000000
0.000000
0.362315
0.000000
0.000000
0.011675
0.093448
0.067301
0.000000
0.174690
0.000000
0.007976
0.000000
0.497719
0.663279
0.000000
0.652119
0.000000
0.000000
0.000000
0.314860
0.000000
0.000000
0.022170
0.824323
0.000000
0.048910
0.000006
0.000000
0.612282
0.052883
0.001275
0.416542
0.000000
0.000000
0.000000
0.000000
0.054691
0.000000
0.000499
1.121305
0.000000
0.000000
0.000076
0.071321
1.129231
0.271350
0.000155
0.000000
0.271018
0.000000
0.000000
0.043573
0.053071
0.000000
1.097236
0.796419
0.000000
1.595478
0.397733
0.000000
0.000236
0.000000
0.000000
0.758328
0.000000
0.150384
0.000000
0.000000
0.000000
0.076974
0.168862
0.098336
0.000000
0.000000
0.030579
0.065641
0.277224
0.554236
0.000000
0.000000
0.000000
0.825049
0.000000
0.000000
0.786557
0.024450
0.318413
0.027210
1.113765
0.000000
0.029156
0.355296
0.000000
0.000000
0.481741
0.477162
0.439207
0.716857
0.000000
0.000000
0.000000
0.000000
0.563521
0.067875
0.063661
0.000000
0.148979
0.489058
0.277239
0.000000
0.128784
0.000000
0.025372
0.026004
0.000000
1.615245
0.000000
0.000000
0.145065
0.000000
0.382625
0.000000
0.485356
0.109805
0.000000
0.000000
0.000000
0.000000
0.709276
0.000000
0.000000
0.481573
0.601794
0.845838
0.130805
0.000000
0.000000
0.550167
0.000000
0.000000
0.102761
0.000000
0.339945
0.367451
0.000000
0.207251
0.000000
0.248339
0.131351
0.000000
0.331726
0.000000
0.405382
0.034329
0.889432
0.187474
0.000000
0.162886
0.000000
0.000000
0.106215
0.000001
1.245337
0.369526
0.000000
0.000000
0.000000
0.000000
0.038438
0.062229
0.000000
0.000000
0.937315
0.001103
0.191986
0.000000
1.451753
0.784127
0.191618
0.382618
0.000000
0.408227
0.367331
0.181583
0.000000
0.000000
0.000000
0.126494
0.000000
0.018592
0.000000
0.500700
0.000000
0.000000
0.020779
0.000000
0.363918
0.000000
0.000000
0.039791
0.000000
0.000000
1.102268
0.951913
0.258082
0.000000
0.734412
0.270069
0.053743
0.183656
0.000000
0.176085
0.909512
0.759271
0.178493
0.004400
0.119665
0.000000
0.564191
0.157014
0.768129
0.677768
1.182989
0.690937
0.021675
0.000000
0.000000
0.000000
0.000000
1.564471
0.110362
0.327124
0.000000
0.000000
0.331417
0.417109
0.000000
0.000000
0.001849
0.013905
0.000000
0.327527
0.410537
0.462136
0.115124
0.000000
0.000000
0.107387
0.416089
0.024011
0.049668
1.178210
0.220117
0.000000
0.000000
0.002997
0.000000
0.000000
0.000000
1.298721
0.000000
0.000000
0.000000
0.445640
0.015889
0.230209
0.000000
0.000000
0.753116
0.000000
0.000000
0.000000
0.205757
0.000000
0.000000
0.218231
0.215919
0.000000
0.000000
1.333262
0.000000
0.000000
0.000000
0.243145
0.000000
0.000000
0.000000
0.000000
0.000000
0.000000
0.811367
0.175731
0.000000
0.052641
0.000000
0.000000
0.000000
0.259805
0.000000
0.000000
0.000000
0.007405
0.000000
0.000000
0.000000
0.023450
0.000000
0.559542
0.298184
0.000000
0.000000
0.000000
0.000000
0.000000
0.000000
0.000000
0.000000
0.168298
0.392926
0.000000
0.223944
0.000000
0.078016
0.608600
0.485024
0.281830
0.300582
0.000000
0.000000
0.000000
1.249695
0.609475
0.000000
0.289092
0.000000
0.000000
0.000000
0.361553
0.000000
0.000000
0.348227
1.103966
0.000221
0.000000
0.000000
0.000000
0.023312
0.212729
0.218258
0.153661
0.117002
0.000000
0.000000
0.543773
0.355193
0.000000
0.393982
0.000000
0.000000
0.185938
1.182372
0.223953
0.435030
0.361265
0.156533
0.000000
0.273705
0.250755
0.000000
0.000000
0.533285
0.342027
0.211738
0.000105
0.159956
0.000000
0.000000
0.000000
0.054774
0.000000
0.841897
0.103087
0.000000
0.000000
0.000000
0.337009
0.000000
0.716228
0.347102
0.000000
0.045944
0.017575
0.331004
0.000000
0.052428
0.000000
0.000000
0.083228
0.006641
0.492040
0.000000
0.000000
0.000000
0.000000
0.000000
0.743021
0.000000
0.000000
0.000000
0.000000
0.000000
0.134575
0.000000
0.000000
0.103092
0.240920
0.008000
0.000000
0.209680
0.000000
0.000000
0.000000
0.000027
0.000000
0.000000
0.000000
0.000000
0.133787
0.071049
0.000000
0.000000
0.000000
0.066365
0.000000
0.000000
0.159712
0.000000
0.535336
0.720615
0.492599
0.016923
0.171939
0.029447
0.000000
0.319038
0.005732
0.000000
0.428138
0.000000
0.000000
0.000000
0.088316
0.000000
0.000000
0.000000
0.000000
0.353239
0.167558
0.000000
0.000000
0.000083
0.000000
0.000000
0.006959
0.403180
0.000000
0.000002
0.000000
0.000000
0.000000
0.000000
0.000000
0.000000
0.000000
0.000000
0.000000
0.317511
0.000000
0.481367
0.046688
0.027800
0.000000
0.000000
0.000000
0.000000
0.000000
0.000000
0.243052
0.516363
0.221470
0.000000
0.829082
0.019313
0.128431
1.028224
0.205548
0.126712
0.235786
0.168061
0.343710
0.620114
0.000000
0.215420
0.035071
0.000000
0.000000
0.000000
0.397812
0.000000
0.000000
0.223940
1.293305
0.214384
1.035215
0.000000
1.364911
0.000000
0.000000
0.039417
0.000000
0.000000
0.993141
1.448366
0.000000
0.000000
0.000000
0.986177
0.475858
0.501499
0.000000
0.242178
0.270741
0.065282
0.000000
1.556266
0.092015
0.000000
0.564334
0.130711
0.111912
0.000023
0.000000
1.196992
0.000000
0.367503
0.000000
0.252533
0.000000
0.000000
0.695875
0.000000
0.195633
0.000000
0.000000
0.000000
0.000000
0.000000
0.000000
0.160942
0.009419
0.619255
0.000000
0.102203
0.000000
0.103927
0.000000
0.908876
0.125530
0.000000
0.000000
0.446700
0.210276
0.426917
1.091767
0.009878
0.287870
0.864461
0.000000
0.777967
0.699014
0.083590
0.097347
0.000000
0.000000
1.576918
0.000000
0.000000
0.062061
0.430852
0.036620
0.046465
0.000000
0.363249
0.000000
0.000000
0.384828
0.649538
0.033886
0.000000
0.000000
0.024379
0.802895
0.000000
2.086120
0.000000
0.002755
0.259139
0.077054
0.033681
0.000000
0.000000
0.004943
0.000000
0.000000
0.106364
1.129423
0.708494
0.000000
0.041580
0.000000
0.295978
0.510137
1.721704
0.029911
0.000000
0.000000
0.525244
0.000000
0.000000
0.205240
0.000000
0.138561
0.469422
0.311501
0.471591
0.012099
0.415789
0.092296
0.000000
0.177131
0.581773
0.000000
0.109184
0.120062
1.668405
0.000000
0.000000
0.217935
0.140907
0.000000
0.818916
0.000000
0.000000
0.108455
0.000000
0.000000
0.801135
0.000000
0.026328
0.749055
0.000000
0.000000
0.000000
0.761852
0.683318
0.512785
0.000000
0.340405
0.000375
0.524065
0.578788
0.000000
0.043607
0.206050
0.000000
0.000000
0.000000
0.000000
0.000000
0.047206
0.000000
0.000000
0.616767
0.000000
0.394880
0.459289
0.000000
0.154720
0.587973
0.000000
0.000000
0.327819
1.524989
0.205833
0.555254
0.000000
0.629519
1.083770
0.000000
0.000000
0.671827
0.000000
0.291156
0.000000
0.311707
0.740033
0.000000
0.000000
0.067438
0.000000
0.000000
0.000000
0.000000
0.024397
0.000000
0.834554
0.000000
0.000000
0.000000
0.105243
0.000000
0.000000
0.000000
0.331982
0.002888
0.000000
0.253971
0.000000
0.000000
0.005221
0.037034
0.000000
0.000000
0.122654
1.027899
0.000000
0.264256
0.726960
0.000000
0.000000
0.468378
0.215362
0.000000
0.408983
0.393061
0.001123
0.387725
0.002694
0.068746
0.000000
0.385712
0.890374
1.088913
0.000000
0.000000
0.246836
0.315719
0.000000
0.931313
0.000000
0.426154
0.206188
0.126881
0.000000
0.000000
0.000000
0.000000
0.129102
1.586470
0.441239
0.010746
0.000000
0.540018
0.000000
0.067547
0.492115
1.864640
0.000000
0.000000
0.240696
0.000000
0.893080
0.000000
0.000000
0.000000
0.000000
0.000000
0.000000
0.796144
0.076444
0.821285
0.000000
0.000000
0.000000
0.000000
0.518942
0.137081
0.000000
0.144505
0.222846
1.224869
0.000000
0.281758
0.000000
0.000000
0.000000
0.000000
0.119521
0.000000
0.000000
0.000000
0.212516
0.000000
0.000000
0.000000
0.000000
0.904422
0.089797
0.000000
0.000000
1.129474
0.099139
0.000000
0.000000
0.169740
0.283217
0.192341
0.000000
0.000000
0.171318
0.000000
0.000000
0.652410
0.000000
0.000000
0.000000
0.000000
0.000000
0.000000
0.319160
0.000000
0.000000
0.000000
0.070147
0.000000
0.000000
0.000004
0.000000
0.469885
1.406812
0.000000
1.265148
0.126076
0.000000
0.103373
0.000000
0.611268
0.263160
0.016758
0.974136
0.440527
0.000000
0.000000
0.000000
0.321345
0.019934
0.000000
0.379028
0.000000
0.000000
0.000000
1.456360
0.178173
0.000000
0.000000
1.289194
0.031707
0.000000
0.000000
0.000000
0.137358
0.132278
0.000000
0.403732
0.000000
0.000000
0.000000
1.115236
0.000188
0.377255
0.922952
0.604308
0.000000
0.278160
0.047569
0.000000
0.459625
0.000000
0.000000
0.000000
0.000000
0.000000
0.000000
0.640174
0.000000
0.557848
0.000000
0.259214
0.000000
0.000000
0.092143
0.977363
0.113756
0.000000
0.000000
0.643053
0.000000
0.617018
0.000000
0.122658
0.000000
0.549113
0.526941
0.000000
0.000000
0.000000
0.000000
0.000000
0.422608
0.000000
0.368185
0.405238
0.030958
0.506881
0.118565
0.264002
0.232424
0.000000
0.000000
0.858828
0.000000
0.303505
0.012530
0.385169
0.159328
0.000000
0.000000
0.056212
0.000000
0.174512
0.366897
0.014256
0.000000
0.000000
0.735897
0.186191
0.000000
0.638398
0.112923
0.000000
0.000000
0.000000
0.000000
0.900548
0.149392
0.000000
0.254171
0.000000
0.000000
0.000000
0.285836
0.000000
0.000000
0.000000
0.229967
0.000000
0.000000
0.000000
0.743704
1.445427
0.000000
