-0.041878,0.028690,0.025163
-0.027141,-0.035043,0.030731
-0.029621,-0.005885,0.022171
-0.054125,0.028547,0.055207
-0.027481,-0.024012,0.026322
-0.021134,0.019546,0.043089
-0.028400,0.020450,0.028288
-0.023656,-0.004054,0.045642
-0.028569,-0.005879,0.022840
-0.028500,0.005871,0.023044
-0.027995,-0.011620,0.023285
-0.029110,0.019703,0.038697
-0.031129,0.019527,0.047176
-0.021720,-0.024237,0.057931
-0.029005,0.023363,0.023765
-0.028101,-0.014835,0.023017
-0.028724,-0.023639,0.022500
-0.029412,-0.006992,0.022289
-0.030966,-0.005166,0.021410
-0.057425,0.006296,0.099523
-0.018582,0.019306,0.045765
-0.011299,0.019670,0.017018
-0.027833,-0.029755,0.030962
-0.019503,-0.041468,0.038572
-0.028458,-0.006814,0.022898
-0.027817,-0.005437,0.027031
-0.030196,0.014567,0.022082
-0.032170,0.005436,0.021335
-0.029146,0.006671,0.022643
-0.028196,-0.019396,0.022894
-0.027965,-0.006419,0.023472
-0.030679,-0.014130,0.021385
-0.033990,0.000656,0.020966
-0.027509,-0.018344,0.024202
-0.074171,0.005297,0.112049
-0.024223,-0.028281,0.035417
-0.016865,0.019398,0.019269
-0.028028,0.008852,0.023658
-0.021267,-0.018876,0.037222
-0.027473,0.007551,0.024957
-0.036013,0.016278,0.021351
-0.023352,-0.014797,0.036062
-0.009949,-0.032718,0.031386
-0.034263,-0.000517,0.020905
-0.025974,0.019556,0.040961
-0.092973,0.028327,0.101643
-0.029727,0.019550,0.042356
-0.028006,-0.021395,0.023043
-0.027976,-0.016288,0.023228
-0.028017,-0.006385,0.023348
-0.011413,0.019650,0.021175
-0.028075,-0.022594,0.022928
-0.029374,-0.017701,0.022167
-0.011859,-0.029546,0.026097
-0.028962,0.014725,0.022870
-0.033004,0.000154,0.021128
-0.024263,0.004990,0.057201
-0.032368,0.023651,0.023312
-0.021128,-0.006063,0.057820
-0.029607,0.019483,0.022524
-0.027574,0.004117,0.024640
-0.031550,-0.004801,0.021315
-0.027071,0.019543,0.043849
-0.031397,-0.004174,0.034525
-0.023992,0.020213,0.017728
-0.027628,-0.014678,0.023976
-0.023212,0.015647,0.045703
-0.033179,0.007930,0.021193
-0.028469,-0.027354,0.030810
-0.019785,-0.013096,0.058145
-0.048372,0.009169,0.057630
-0.034131,0.000990,0.020946
-0.011712,-0.029529,0.026271
-0.033933,0.021551,0.023027
-0.126660,0.011841,0.135726
-0.034128,0.000487,0.020941
-0.027534,0.008303,0.024828
-0.029653,-0.024015,0.030699
-0.028013,-0.036889,0.030805
-0.030858,-0.026151,0.030574
-0.033326,0.009273,0.021185
-0.032758,-0.023637,0.020878
-0.030014,-0.008802,0.021881
-0.025920,0.010542,0.045659
-0.031049,0.023893,0.024111
-0.032819,-0.009651,0.021039
-0.027303,-0.016377,0.024787
-0.011716,0.019666,0.017863
-0.025874,-0.014496,0.033363
-0.033232,-0.002586,0.039919
-0.021716,-0.027024,0.057897
-0.012049,-0.029604,0.032745
-0.028134,-0.004838,0.023131
-0.024202,0.019625,0.026566
-0.030503,0.017584,0.021928
-0.029386,0.015632,0.022612
-0.022682,0.019535,0.045452
-0.027343,-0.006811,0.024906
-0.034959,-0.019920,0.020728
-0.030621,-0.003472,0.021567
-0.027364,-0.019940,0.026030
-0.034088,0.025725,0.023037
-0.031168,0.008403,0.021542
-0.033929,-0.012908,0.020810
-0.021030,0.019664,0.018252
-0.027840,-0.020357,0.027149
-0.024617,-0.026220,0.030949
-0.027473,-0.024854,0.026307
-0.022878,-0.021590,0.036225
-0.024007,0.019918,0.022615
-0.018012,-0.027577,0.039787
-0.020058,-0.028063,0.040488
-0.029753,-0.025944,0.021814
-0.016632,0.019659,0.019377
-0.016814,-0.022713,0.038633
-0.024825,-0.008077,0.045618
-0.032505,0.016666,0.021415
-0.033576,0.002005,0.021053
-0.032018,0.003565,0.021338
-0.026211,-0.009741,0.034604
-0.027702,-0.006299,0.031319
-0.020519,0.019588,0.034210
-0.028602,0.003835,0.022951
-0.016877,0.018150,0.016724
-0.032940,0.018139,0.021359
-0.032416,-0.004089,0.021176
-0.017888,0.017867,0.021438
-0.030457,0.004682,0.021782
-0.011792,0.019632,0.024974
-0.044369,0.028677,0.028048
-0.018019,0.017862,0.022496
-0.018551,-0.038887,0.040124
-0.028246,-0.004639,0.023063
-0.024796,0.001063,0.045644
-0.012969,0.015610,0.035660
-0.029363,0.008970,0.022536
-0.027660,-0.021998,0.026733
-0.015344,0.018652,0.021177
-0.014290,0.019660,0.019083
-0.029602,0.019535,0.045452
-0.030846,0.001361,0.021510
-0.030048,0.000864,0.021990
-0.027934,0.011621,0.023943
-0.035101,-0.002702,0.020963
-0.020516,-0.032565,0.038073
-0.024985,-0.011922,0.030873
-0.028007,0.016506,0.023876
-0.020636,0.010610,0.057964
-0.028349,-0.006651,0.022970
-0.025773,-0.016221,0.034751
-0.014183,0.019630,0.025483
-0.033718,0.002507,0.021035
-0.023604,0.013098,0.045692
-0.021087,0.013363,0.057878
-0.024196,-0.040222,0.035273
-0.030631,-0.000707,0.021598
-0.029291,-0.012028,0.022297
-0.034887,0.001495,0.020978
-0.030215,-0.008053,0.021763
-0.031698,-0.003942,0.021300
-0.027604,-0.002365,0.024425
-0.042823,0.002227,0.056693
-0.034088,0.024812,0.023029
-0.032283,0.000291,0.040028
-0.011280,-0.029586,0.032146
-0.029583,0.012675,0.022447
-0.023356,0.019947,0.018514
-0.012666,0.016177,0.035662
-0.016892,0.018938,0.023852
-0.028047,-0.011374,0.023165
-0.022143,-0.039929,0.057609
-0.029483,0.013610,0.022523
-0.013280,0.013061,0.035664
-0.028779,-0.007663,0.022683
-0.022652,-0.018453,0.036388
-0.016860,0.019032,0.016578
-0.028609,0.006037,0.022976
-0.030402,-0.010610,0.021610
-0.024444,-0.028755,0.035293
-0.027508,0.011691,0.026231
-0.024265,0.004533,0.057199
-0.033121,-0.005247,0.021042
-0.030223,-0.008940,0.030877
-0.035487,0.013668,0.021229
-0.032998,0.027038,0.023234
-0.025112,-0.023695,0.035005
-0.030606,-0.007617,0.021520
-0.033123,-0.004909,0.021046
-0.027535,0.008700,0.024833
-0.023982,0.015280,0.045694
-0.027141,0.019629,0.025745
-0.029309,-0.006833,0.022357
-0.027363,-0.001818,0.024968
-0.082310,0.028352,0.096236
-0.029078,-0.012999,0.022419
-0.026352,-0.010351,0.030641
-0.026404,0.021100,0.023745
-0.028813,0.002353,0.022797
-0.030494,-0.011963,0.021532
-0.034182,-0.018212,0.020702
-0.025578,-0.002590,0.045625
-0.030709,-0.019567,0.030744
-0.029182,-0.013320,0.022349
-0.060530,0.028476,0.070145
-0.024931,-0.031684,0.030633
-0.026058,0.019553,0.041647
-0.032375,-0.013578,0.021066
-0.028088,-0.018901,0.022970
-0.040968,-0.000776,0.046391
-0.027296,-0.004842,0.025075
-0.014675,0.018808,0.036939
-0.027683,-0.019643,0.026775
-0.032903,-0.022938,0.020862
-0.011429,0.019638,0.023788
-0.011066,0.020299,0.017327
-0.028079,-0.020247,0.031024
-0.031326,-0.023569,0.021122
-0.029802,0.016874,0.022364
-0.033312,0.027159,0.023182
-0.015261,0.018468,0.036845
-0.014865,0.019662,0.018797
-0.027947,-0.010930,0.023417
-0.030601,0.017707,0.021867
-0.031763,0.011447,0.021478
-0.072797,0.028424,0.081139
-0.030099,0.015138,0.022152
-0.020813,-0.025380,0.037494
-0.030829,-0.002939,0.021460
-0.027503,-0.019704,0.024185
-0.028692,-0.024586,0.030790
-0.027803,0.019395,0.024427
-0.033474,0.010783,0.021178
-0.027750,-0.021435,0.023498
-0.030762,0.008787,0.021644
-0.032486,0.012233,0.021364
-0.023211,0.016011,0.045704
-0.032269,-0.002270,0.039988
-0.033167,0.005223,0.021162
-0.021857,0.019658,0.019528
-0.015577,-0.031190,0.037171
-0.023078,-0.035122,0.035937
-0.024763,-0.033296,0.030738
-0.031760,0.010933,0.021472
-0.025150,-0.011134,0.030760
-0.030426,-0.003840,0.021686
-0.035422,0.005887,0.021123
-0.015655,-0.029848,0.038155
-0.028747,0.014813,0.023008
-0.011688,0.019591,0.033747
-0.041326,-0.008700,0.060017
-0.018352,-0.020987,0.041385
-0.025581,0.010877,0.056944
-0.031914,-0.020920,0.021055
-0.039999,0.002228,0.047132
-0.027332,-0.009404,0.024874
-0.019753,0.013110,0.045734
-0.035294,-0.007581,0.055362
-0.040750,0.028593,0.045529
-0.024447,-0.020320,0.057413
-0.015043,0.019630,0.025483
-0.010866,-0.029726,0.031738
-0.012883,0.019667,0.017613
-0.028747,0.014630,0.023005
-0.025506,-0.038603,0.034595
-0.024592,-0.035664,0.030834
-0.015342,0.018818,0.021177
-0.033792,-0.012420,0.020840
-0.046983,0.028674,0.028484
-0.027336,0.019869,0.028417
-0.011119,0.019826,0.028038
-0.022279,0.019651,0.020998
-0.033190,0.010300,0.021221
-0.027483,0.000971,0.024719
-0.024746,0.017096,0.045690
-0.029789,0.013135,0.022322
-0.033758,-0.019944,0.020753
-0.029634,-0.029438,0.030632
-0.033980,-0.001524,0.020941
-0.032463,0.006784,0.021301
-0.033892,0.009905,0.021096
-0.025790,-0.009246,0.034835
-0.025583,-0.006755,0.034979
-0.009977,-0.030821,0.029111
-0.030414,-0.030173,0.030619
-0.029323,-0.002529,0.022405
-0.033526,-0.009260,0.020924
-0.030891,-0.023480,0.021198
-0.016080,-0.023247,0.040094
-0.027587,-0.024479,0.023855
-0.015768,0.019671,0.016903
-0.028726,0.008582,0.022936
-0.042146,-0.001137,0.045955
-0.020527,-0.016568,0.038851
-0.020062,-0.026439,0.040511
-0.029766,0.006554,0.022247
-0.027816,-0.004228,0.023877
-0.033173,0.006407,0.021176
-0.028035,-0.000020,0.027517
-0.023748,0.019861,0.022551
-0.029181,-0.013500,0.022347
-0.034128,0.000320,0.020939
-0.018060,-0.022512,0.039940
-0.027947,-0.010742,0.023419
-0.028009,0.017077,0.023883
-0.020649,0.019637,0.024016
-0.054091,0.019324,0.089902
-0.032051,0.011420,0.021428
-0.032049,0.010908,0.021422
-0.027243,-0.021463,0.030966
-0.025275,-0.024091,0.030480
-0.025770,-0.017615,0.034734
-0.025811,-0.019485,0.030232
-0.034369,-0.007696,0.020799
-0.023768,-0.031621,0.035616
-0.027672,-0.028195,0.023545
-0.034924,-0.024078,0.020671
-0.030299,-0.012032,0.021656
-0.012008,0.019613,0.029035
-0.029179,-0.009190,0.030882
-0.027446,-0.027797,0.026255
-0.011109,0.019897,0.025829
-0.025178,-0.005062,0.056986
-0.025153,0.009815,0.045665
-0.029417,-0.005383,0.022307
-0.024804,0.019969,0.023735
-0.020024,-0.040381,0.040311
-0.016872,0.018348,0.016317
-0.024430,-0.034709,0.035221
-0.029473,0.010738,0.022490
-0.025305,-0.033137,0.034775
-0.035676,0.024423,0.023176
-0.030030,-0.004235,0.021933
-0.015512,0.019621,0.027441
-0.035484,0.013330,0.021225
-0.031512,-0.013842,0.021210
-0.035577,-0.005576,0.021009
-0.028263,0.000538,0.023122
-0.029168,0.013188,0.022718
-0.027292,-0.027626,0.025894
-0.032790,0.016457,0.021364
-0.017060,0.017885,0.017629
-0.042504,0.028582,0.047928
-0.017074,0.017837,0.027704
-0.030693,-0.010176,0.021430
-0.029787,0.012423,0.022314
-0.031811,0.025657,0.023642
-0.032190,0.010042,0.021388
-0.024376,0.019597,0.032431
-0.032606,0.006947,0.021279
-0.027640,-0.023963,0.023729
-0.032038,0.008345,0.021393
-0.028444,-0.010851,0.022852
-0.028519,-0.013961,0.030981
-0.028259,-0.000572,0.023109
-0.073346,0.028406,0.084945
-0.027847,-0.026270,0.031008
-0.019761,-0.041448,0.034377
-0.026222,-0.027504,0.056955
-0.015703,0.018319,0.021178
-0.028832,-0.023388,0.022435
-0.015876,0.018984,0.021176
-0.019377,-0.040786,0.058165
-0.012645,0.019668,0.017490
-0.020416,-0.036343,0.038468
-0.033422,-0.001026,0.021042
-0.035470,-0.018328,0.020834
-0.012639,-0.029802,0.025407
-0.018435,-0.043249,0.058308
-0.019417,-0.032385,0.040557
-0.024240,0.014582,0.057230
-0.030026,-0.005290,0.021921
-0.029590,0.014644,0.022469
-0.023765,-0.033053,0.035598
-0.055277,0.028511,0.062852
-0.027744,-0.022946,0.023479
-0.013011,-0.029811,0.036228
-0.028121,0.018782,0.023655
-0.035129,0.000657,0.021009
-0.019369,0.012747,0.045738
-0.025312,0.019593,0.033297
-0.024891,0.019574,0.037281
-0.014272,0.018818,0.021177
-0.014061,0.018295,0.021951
-0.028626,0.010997,0.023033
-0.035802,-0.008621,0.021010
-0.017572,0.017880,0.018635
-0.030571,-0.017271,0.021411
-0.027503,0.014938,0.025049
-0.031653,-0.014677,0.021176
-0.023675,-0.010276,0.045624
-0.013565,0.019615,0.028702
-0.017729,0.017880,0.018635
-0.032725,0.001510,0.021192
-0.028176,0.007412,0.023272
-0.014519,0.019516,0.049032
-0.030239,-0.001240,0.021840
-0.030266,0.006285,0.021925
-0.029898,-0.028698,0.030640
-0.015964,0.019626,0.026287
-0.010489,-0.029904,0.027816
-0.025132,-0.017542,0.030682
-0.044087,0.012606,0.056553
-0.015053,0.012584,0.039510
-0.021225,-0.036456,0.036995
-0.029572,0.009454,0.022410
-0.016923,0.018473,0.029049
-0.024022,-0.018656,0.035653
-0.027478,-0.000216,0.024704
-0.021036,0.019658,0.019681
-0.029692,0.014423,0.022401
-0.021580,-0.006691,0.046157
-0.029158,0.010290,0.022685
-0.027196,-0.001849,0.025406
-0.028228,-0.036824,0.030751
-0.031898,-0.024816,0.021010
-0.029565,-0.021848,0.021990
-0.035972,0.011513,0.021285
-0.034357,-0.010198,0.020771
-0.030483,-0.015074,0.021497
-0.027519,0.012951,0.026253
-0.016678,-0.037941,0.038186
-0.028688,-0.002574,0.022809
-0.027798,-0.008624,0.023824
-0.025787,-0.010363,0.034822
-0.035549,-0.008939,0.020963
-0.027187,-0.017775,0.025059
-0.021257,-0.023054,0.037168
-0.027740,-0.013633,0.026883
-0.022163,-0.004065,0.045761
-0.015409,0.019670,0.017133
-0.034678,-0.024030,0.020629
-0.057819,0.028500,0.065108
-0.022188,-0.015639,0.036673
-0.020828,-0.019056,0.037576
-0.030091,0.012844,0.022126
-0.020386,-0.022827,0.040498
-0.030420,-0.028448,0.030640
-0.077543,0.005399,0.114214
-0.015551,0.014948,0.039950
-0.025159,-0.007927,0.030799
-0.026689,0.020150,0.028496
-0.011481,0.019643,0.022709
-0.026295,-0.018182,0.030506
-0.014140,0.017868,0.021238
-0.027497,0.013539,0.025031
-0.027798,0.004606,0.024115
-0.027871,-0.016649,0.023472
-0.028158,0.002396,0.023214
-0.029800,-0.012559,0.021966
-0.027492,0.010012,0.026201
-0.022187,-0.016227,0.036665
-0.032242,-0.011391,0.021116
-0.027913,-0.006538,0.031255
-0.041215,-0.003363,0.046203
-0.024047,-0.005882,0.045632
-0.019886,-0.015038,0.058426
-0.026093,-0.037608,0.034204
-0.030558,0.005710,0.021732
-0.018274,0.017792,0.037266
-0.034019,-0.007611,0.055585
-0.034013,-0.025062,0.020647
-0.030752,0.006196,0.021614
-0.036023,0.017471,0.021367
-0.035706,0.009794,0.021219
-0.025853,-0.038201,0.033500
-0.029112,-0.003085,0.022532
-0.030848,0.001877,0.021516
-0.021016,-0.032742,0.037220
-0.034185,-0.017712,0.020708
-0.030116,-0.008076,0.021826
-0.030205,0.023363,0.023765
-0.026605,0.020535,0.023740
-0.030217,-0.010672,0.030856
-0.018237,-0.041450,0.034852
-0.028105,0.015014,0.023609
-0.031861,0.000496,0.021327
-0.025292,-0.038170,0.034715
-0.049066,0.028576,0.049225
-0.016162,-0.029582,0.037815
-0.076942,0.028406,0.084945
-0.012714,-0.029864,0.029103
-0.025582,-0.027789,0.030194
-0.035232,0.013133,0.021179
-0.022149,-0.034136,0.036446
-0.023332,-0.024044,0.035950
-0.033468,0.022176,0.023112
-0.011337,0.019637,0.024016
-0.024431,-0.005150,0.045630
-0.023675,0.019618,0.028057
-0.016586,0.019317,0.021175
-0.035998,0.014575,0.021327
-0.025187,-0.000764,0.045634
-0.016636,0.019632,0.024974
-0.027516,-0.029051,0.023933
-0.022051,-0.011589,0.057615
-0.031939,-0.015153,0.021121
-0.024625,-0.023483,0.030982
-0.046606,0.005847,0.056644
-0.012643,0.019671,0.016903
-0.024928,-0.009368,0.035294
-0.032121,-0.006139,0.021201
-0.029455,0.005537,0.022431
-0.031049,0.023319,0.024106
-0.024705,-0.011101,0.035390
-0.029698,-0.012949,0.022026
-0.015074,0.019581,0.035680
-0.012058,0.017876,0.035663
-0.021281,-0.013200,0.037296
-0.016870,0.018518,0.016583
-0.013563,0.019653,0.020652
-0.027680,0.002708,0.024354
-0.039251,0.019453,0.062645
-0.030708,-0.020061,0.030738
-0.027689,0.018625,0.024684
-0.027958,-0.020762,0.023173
-0.031700,-0.003430,0.021306
-0.012134,0.019671,0.016791
-0.027378,-0.024445,0.024403
-0.018263,0.017840,0.027044
-0.028879,-0.009453,0.022594
-0.033893,0.010241,0.021100
-0.013831,0.019635,0.024486
-0.034174,-0.020043,0.020681
-0.021291,0.014562,0.045722
-0.030262,-0.022279,0.021540
-0.027559,0.000573,0.024596
-0.034384,-0.004359,0.020838
-0.027729,-0.014708,0.026864
-0.030405,0.021666,0.023750
-0.035233,-0.016788,0.020813
-0.024221,-0.029135,0.035407
-0.022092,0.019652,0.020823
-0.029042,0.007054,0.022715
-0.011694,0.019568,0.038432
-0.032233,-0.013424,0.021093
-0.028108,-0.012801,0.023040
-0.010602,-0.030004,0.033488
-0.031917,-0.004322,0.033528
-0.031839,-0.004619,0.021268
-0.020511,-0.020329,0.040088
-0.032084,-0.014796,0.021101
-0.031015,0.006863,0.021549
-0.035558,-0.007763,0.020979
-0.028563,-0.007892,0.022817
-0.030914,0.017916,0.021702
-0.012229,0.019659,0.019377
-0.018937,-0.030105,0.058435
-0.029464,0.008226,0.022462
-0.029577,0.010885,0.022426
-0.029138,-0.021549,0.030731
-0.033694,-0.003040,0.020971
-0.013711,0.012588,0.038561
-0.035865,-0.001198,0.021111
-0.025974,-0.020613,0.034585
-0.011791,0.019661,0.018939
-0.045111,0.028682,0.026817
-0.034295,-0.023843,0.020614
-0.031638,-0.018249,0.021135
-0.027854,-0.001539,0.027101
-0.035264,-0.013109,0.020863
-0.022896,-0.013150,0.036328
-0.015173,0.012569,0.042661
-0.030797,0.018473,0.021753
-0.021144,0.019535,0.045452
-0.023380,-0.000042,0.057370
-0.028535,0.016195,0.023162
-0.016869,0.018896,0.018065
-0.057800,0.018849,0.094719
-0.021916,-0.032489,0.036593
-0.033468,0.021075,0.023102
-0.060909,0.026735,0.079947
-0.023276,-0.005884,0.045641
-0.027856,0.018903,0.024290
-0.033934,0.027217,0.023077
-0.073768,0.028415,0.082998
-0.014410,0.019658,0.019681
-0.032299,0.002026,0.021271
-0.027706,-0.022893,0.058074
-0.029731,-0.003563,0.022132
-0.028838,0.009835,0.022882
-0.032595,0.004228,0.021248
-0.029340,0.002139,0.022459
-0.050721,0.028663,0.030887
-0.025577,-0.029731,0.030171
-0.042823,0.001320,0.056685
-0.016782,0.017866,0.021641
-0.030215,-0.007879,0.021765
-0.112054,0.017860,0.132138
-0.028571,-0.005513,0.022844
-0.028329,-0.008507,0.031110
-0.034886,0.025011,0.023046
-0.060552,0.028489,0.067532
-0.032005,0.000496,0.021302
-0.027169,-0.024595,0.025593
-0.024795,0.001428,0.045645
-0.024827,-0.009980,0.031021
-0.028959,-0.017189,0.022439
-0.035297,-0.006694,0.055374
-0.026009,-0.023451,0.033834
-0.021663,-0.039386,0.036636
-0.009953,-0.034422,0.032263
-0.013161,-0.030378,0.032718
-0.021423,0.019645,0.022305
-0.103036,0.019887,0.113595
-0.029186,0.018263,0.022775
-0.028415,0.013098,0.023196
-0.026001,-0.009773,0.034716
-0.011073,0.020015,0.017799
-0.035044,-0.009573,0.020869
-0.027106,-0.015553,0.025405
-0.018134,-0.041455,0.035841
-0.044184,0.028680,0.027215
-0.021718,-0.013081,0.036958
-0.022381,-0.035772,0.036301
-0.033899,-0.019421,0.020735
-0.034513,0.016418,0.021098
-0.021309,-0.000034,0.046478
-0.021035,0.019658,0.019528
-0.033890,-0.021423,0.020712
-0.017357,0.017795,0.036662
-0.021677,-0.032896,0.036715
-0.034305,0.008865,0.021013
-0.032408,-0.005955,0.021154
-0.027331,-0.022807,0.024564
-0.016076,-0.024652,0.039233
-0.027506,0.015737,0.025059
-0.031643,0.017469,0.021572
-0.030372,-0.018754,0.021518
-0.028769,-0.010572,0.022649
-0.022025,0.019641,0.023129
-0.016827,0.019660,0.019229
-0.027422,0.002482,0.026069
-0.011430,-0.029539,0.026668
-0.015697,0.019672,0.016680
-0.029294,0.019113,0.022718
-0.024830,-0.009541,0.045613
-0.025307,-0.012564,0.030620
-0.035363,-0.001194,0.021026
-0.031532,-0.008898,0.021267
-0.027385,-0.017647,0.026070
-0.028185,0.009644,0.023299
-0.027727,0.000563,0.024196
-0.028625,0.010629,0.023029
-0.033542,-0.005565,0.020966
-0.021523,0.001442,0.046104
-0.032004,0.000325,0.021300
-0.032736,0.004054,0.021221
-0.014146,0.019601,0.031609
-0.036851,-0.004532,0.051025
-0.032670,-0.011351,0.021044
-0.027293,-0.018764,0.024757
-0.019365,0.014204,0.045742
-0.025170,0.004712,0.045650
-0.028539,-0.008242,0.031053
-0.086239,0.028340,0.098865
-0.023720,0.019603,0.031213
-0.023611,0.010912,0.045685
-0.024951,0.019571,0.037848
-0.023574,0.020040,0.017105
-0.030694,-0.010004,0.021432
-0.032468,-0.025208,0.020908
-0.029276,-0.016322,0.022249
-0.015519,0.018984,0.021176
-0.027903,-0.021621,0.023286
-0.027085,-0.017787,0.025366
-0.013343,0.019634,0.024728
-0.025301,-0.014774,0.030593
-0.029205,0.020535,0.023740
-0.030385,-0.015290,0.021557
-0.028732,0.010414,0.022957
-0.035312,0.019487,0.055626
-0.013576,0.014192,0.035658
-0.027449,0.019615,0.029038
-0.067318,0.013642,0.107268
-0.029907,0.017713,0.022309
-0.027783,0.000945,0.024070
-0.030727,-0.000705,0.021537
-0.041463,-0.004458,0.046034
-0.028739,-0.019469,0.022548
-0.033653,-0.012099,0.020867
-0.030185,0.011400,0.022046
-0.023294,-0.041050,0.035743
-0.027730,0.002337,0.026792
-0.030085,-0.016820,0.021727
-0.029973,-0.005722,0.030918
-0.028891,-0.006007,0.022634
-0.031649,-0.015528,0.021166
-0.030371,0.008014,0.021882
-0.025188,-0.001129,0.045633
-0.016063,0.017986,0.021179
-0.023341,-0.020001,0.035999
-0.027579,0.019429,0.024966
-0.032354,-0.018483,0.021010
-0.009945,-0.036286,0.030510
-0.023019,0.019675,0.022956
-0.017445,0.017890,0.016726
-0.020271,0.019641,0.023129
-0.017560,0.017839,0.027370
-0.027400,-0.019141,0.024469
-0.032610,-0.025011,0.020886
-0.029881,-0.018147,0.021839
-0.028250,-0.003345,0.023078
-0.027828,0.011940,0.024205
-0.025742,-0.028752,0.034600
-0.028236,-0.033850,0.030786
-0.024956,-0.022308,0.030747
-0.029746,0.000694,0.022181
-0.055062,0.028526,0.059748
-0.030191,-0.014855,0.021686
-0.069079,0.010340,0.108576
-0.027418,-0.027623,0.024224
-0.039875,0.020742,0.055435
-0.027700,-0.006013,0.024115
-0.011651,0.019645,0.022305
-0.030466,-0.019737,0.021445
-0.014131,0.019188,0.032175
-0.028087,0.005496,0.027617
-0.027441,0.003762,0.024895
-0.034177,0.011226,0.021064
-0.013380,0.019668,0.017490
-0.019347,-0.000977,0.058422
-0.009949,-0.031958,0.031393
-0.021556,0.006885,0.057764
-0.040718,0.001084,0.046572
-0.023092,0.019916,0.017836
-0.032544,-0.007472,0.021113
-0.027485,0.010544,0.024994
-0.027732,-0.025778,0.023444
-0.027999,-0.023063,0.023023
-0.030694,0.016789,0.021795
-0.016864,0.019176,0.018062
-0.036476,0.022165,0.023292
-0.028086,-0.002068,0.023278
-0.035704,0.009624,0.021217
-0.032023,0.024205,0.023494
-0.028639,0.014858,0.023077
-0.028652,0.018539,0.023119
-0.116028,0.019149,0.126707
-0.021483,-0.019085,0.037044
-0.027532,-0.001197,0.024557
-0.012654,0.019658,0.019528
-0.020357,-0.033202,0.040349
-0.033779,0.022307,0.023060
-0.022448,0.019808,0.016907
-0.031353,0.017854,0.021626
-0.028304,0.012767,0.023262
-0.027552,0.012868,0.024885
-0.071638,0.028441,0.077660
-0.034053,0.014605,0.021127
-0.033164,0.004378,0.021153
-0.024700,-0.013370,0.035362
-0.027314,-0.000420,0.025130
-0.031309,0.007362,0.021505
-0.026144,-0.011251,0.034117
-0.028945,-0.010936,0.030898
-0.027707,-0.021961,0.058085
-0.029141,-0.020562,0.030743
-0.029188,-0.011704,0.022367
-0.028101,0.014072,0.023597
-0.024120,0.020110,0.019371
-0.034710,0.010219,0.021055
-0.042065,0.028686,0.026056
-0.027884,0.018724,0.027084
-0.030355,0.003648,0.021833
-0.027277,-0.016997,0.031044
-0.032543,-0.007811,0.021109
-0.027048,-0.024085,0.025276
-0.032315,0.005770,0.021314
-0.015550,0.019603,0.031213
-0.029792,-0.014852,0.021940
-0.029940,-0.015866,0.030796
-0.026637,0.019568,0.038432
-0.030145,-0.032884,0.030588
-0.093775,0.028340,0.098865
-0.027651,-0.021289,0.023762
-0.032785,0.015266,0.021351
-0.015929,0.019613,0.029035
-0.029956,0.002984,0.022078
-0.027335,0.004611,0.025193
-0.031637,0.016094,0.021556
-0.046571,0.028576,0.049225
-0.070242,0.025293,0.088236
-0.016076,-0.021811,0.039258
-0.019340,0.019550,0.042356
-0.027537,-0.001496,0.026356
-0.017743,0.017834,0.028397
-0.020456,0.019671,0.016903
-0.034103,-0.005205,0.020875
-0.030041,-0.001247,0.021966
-0.011075,0.020694,0.021220
-0.028077,-0.013364,0.027674
-0.031932,0.017257,0.021520
-0.027507,-0.018733,0.024197
-0.027338,-0.008008,0.024891
-0.031622,-0.021987,0.021092
-0.032581,0.001003,0.021210
-0.030926,-0.014762,0.021299
-0.030000,-0.012662,0.021837
-0.021406,0.019649,0.021539
-0.027369,-0.013512,0.024680
-0.025563,-0.034826,0.030109
-0.023532,-0.036322,0.035679
-0.022564,0.019550,0.042356
-0.030608,-0.007099,0.021526
-0.023815,0.020007,0.019127
-0.029623,-0.005351,0.022177
-0.017436,0.017803,0.034964
-0.016738,0.017864,0.022061
-0.025560,-0.015994,0.034868
-0.013424,0.019649,0.021539
-0.029134,0.003055,0.022602
-0.016892,0.018902,0.023572
-0.033334,-0.020850,0.020814
-0.020041,-0.041463,0.037710
-0.011096,0.019683,0.021955
-0.022900,-0.009179,0.045636
-0.030483,0.012000,0.021865
-0.031639,-0.018079,0.021137
-0.012956,0.019637,0.024016
-0.028509,0.008450,0.023073
-0.012517,0.019649,0.021539
-0.027480,-0.012577,0.024411
-0.030782,-0.014265,0.021329
-0.038369,0.019468,0.059634
-0.027553,0.000192,0.026386
-0.027337,0.017836,0.025509
-0.028506,0.007713,0.023065
-0.027440,0.013816,0.025175
-0.017466,0.017863,0.022276
-0.026689,-0.030112,0.030557
-0.027380,0.002183,0.025018
-0.043983,0.028682,0.026817
-0.027392,0.015266,0.025944
-0.027293,-0.018963,0.024754
-0.033080,-0.014679,0.020933
-0.028094,-0.017053,0.022991
-0.032841,0.025780,0.023250
-0.015697,0.018984,0.021176
-0.015516,0.019317,0.021175
-0.031193,0.014600,0.021613
-0.014309,0.019636,0.024248
-0.028542,0.018226,0.023185
-0.025242,-0.035834,0.030338
-0.013464,0.019656,0.019994
-0.028605,0.021100,0.023745
-0.028617,-0.023710,0.022568
-0.013170,0.019616,0.028376
-0.013233,0.019655,0.020155
-0.027740,-0.023890,0.023468
-0.027353,-0.004215,0.024938
-0.027156,-0.033074,0.030765
-0.031488,0.026071,0.023851
-0.029448,-0.006714,0.030910
-0.027256,-0.019727,0.030996
-0.028035,-0.002078,0.023401
-0.027722,0.013048,0.024481
-0.028633,0.013019,0.023056
-0.031543,-0.003261,0.040355
-0.025373,0.019535,0.045452
-0.034317,0.011381,0.021042
-0.029871,0.007598,0.022194
-0.024695,-0.015638,0.035335
-0.034948,0.008892,0.021079
-0.010669,-0.029770,0.025921
-0.027598,0.005057,0.026472
-0.029126,-0.025250,0.030686
-0.014673,0.019101,0.036939
-0.030656,0.006213,0.021676
-0.019213,-0.041465,0.037993
-0.046871,0.028673,0.028707
-0.034967,0.011251,0.021111
-0.027779,0.013365,0.024353
-0.041802,-0.004452,0.045976
-0.028518,-0.021228,0.022665
-0.027238,-0.018872,0.024899
-0.026176,-0.024143,0.034431
-0.035509,0.016382,0.021266
-0.011099,0.019806,0.023108
-0.011092,0.020892,0.026312
-0.024787,0.003983,0.045652
-0.033484,0.012981,0.021204
-0.029139,-0.025866,0.022206
-0.016894,0.018255,0.021105
-0.028205,0.020346,0.023738
-0.020845,-0.011816,0.037670
-0.030183,-0.016946,0.021663
-0.029770,-0.021194,0.021868
-0.022612,-0.037106,0.036160
-0.054592,0.028547,0.055207
-0.030760,0.008441,0.021640
-0.027845,0.003048,0.023966
-0.040201,-0.002285,0.046862
-0.027418,-0.030735,0.026202
-0.027929,-0.028779,0.027393
-0.011079,0.019729,0.018048
-0.009945,-0.036533,0.030508
-0.038571,-0.004367,0.054046
-0.023866,0.019595,0.032858
-0.033378,-0.010951,0.020928
-0.034257,-0.001855,0.020890
-0.027712,0.017182,0.026687
-0.029396,0.018516,0.022645
-0.033051,-0.021233,0.020857
-0.028138,0.010810,0.027713
-0.025831,-0.025709,0.033209
-0.020838,0.019622,0.027143
-0.034055,-0.015731,0.020754
-0.032975,-0.006434,0.021052
-0.029262,-0.020255,0.022204
-0.028532,0.015272,0.023151
-0.027316,-0.026360,0.024520
-0.027884,-0.015793,0.031142
-0.011678,0.019622,0.027143
-0.015477,0.019669,0.017370
-0.029268,0.011523,0.022632
-0.032340,0.019535,0.047197
-0.025086,-0.034013,0.030482
-0.016136,-0.032576,0.037728
-0.031798,-0.014491,0.021154
-0.040312,0.019453,0.062645
-0.033394,-0.007421,0.020969
-0.097611,0.028298,0.107696
-0.030180,-0.022285,0.030716
-0.028563,-0.007709,0.022819
-0.027907,0.004939,0.023862
-0.012708,0.019666,0.017991
-0.027185,-0.018177,0.025054
-0.033339,-0.019844,0.020826
-0.032328,-0.024562,0.020940
-0.013374,0.019584,0.035176
-0.024794,0.001793,0.045646
-0.027982,-0.023292,0.027493
-0.012174,0.019619,0.027745
-0.027470,0.007707,0.026161
-0.030947,-0.009796,0.021356
-0.025865,0.019638,0.023788
-0.032218,-0.016811,0.021053
-0.015276,0.019635,0.024486
-0.027567,0.002344,0.024618
-0.035676,0.021851,0.023153
-0.034153,-0.024701,0.020627
-0.035255,-0.014113,0.020849
-0.027284,-0.028455,0.025879
-0.032621,-0.022485,0.020915
-0.025499,-0.041109,0.034565
-0.029998,0.015005,0.022214
-0.028200,0.013367,0.023344
-0.043663,0.001768,0.056530
-0.027705,-0.023358,0.058068
-0.035420,0.005718,0.021121
-0.031235,0.014262,0.052681
-0.027430,-0.029477,0.026225
-0.018201,0.017831,0.029126
-0.012349,0.020509,0.042958
-0.016865,0.018751,0.016446
-0.029170,-0.016908,0.022308
-0.022427,-0.014413,0.036562
-0.023394,-0.006014,0.057352
-0.077564,0.004487,0.114237
-0.024886,-0.027157,0.035079
-0.010555,-0.029871,0.031618
-0.033868,0.004689,0.021036
-0.045903,0.028678,0.027835
-0.024161,0.019539,0.044636
-0.029069,-0.015699,0.022389
-0.025432,0.019588,0.034210
-0.122586,0.027100,0.121571
-0.012908,0.019651,0.020998
-0.028508,0.008081,0.023069
-0.027177,-0.020189,0.025029
-0.029458,0.006254,0.022439
-0.027517,-0.016399,0.024226
-0.034191,-0.016379,0.020723
-0.024226,-0.027142,0.035431
-0.030797,-0.010665,0.021371
-0.030222,-0.006133,0.021785
-0.017583,0.017871,0.020660
-0.030988,0.000156,0.021471
-0.025162,0.001327,0.057006
-0.025896,-0.021165,0.058471
-0.029767,-0.021898,0.021860
-0.031753,-0.025183,0.021030
-0.027581,-0.013444,0.026511
-0.027917,-0.005318,0.023610
-0.032617,0.009497,0.021308
-0.024443,-0.029323,0.031037
-0.051556,0.028511,0.062852
-0.031324,0.010971,0.021547
-0.029605,-0.010325,0.022120
-0.012055,0.018723,0.035661
-0.023558,-0.024827,0.035819
-0.027593,-0.003147,0.024409
-0.030617,-0.004509,0.021555
-0.016236,0.019627,0.026013
-0.021301,0.001082,0.046471
-0.020628,0.014310,0.057975
-0.029813,-0.008853,0.022008
-0.021785,0.010967,0.045916
-0.030013,0.019256,0.022262
-0.016073,-0.027545,0.038394
-0.021054,-0.016565,0.037429
-0.023218,0.013463,0.045697
-0.020665,-0.025593,0.037808
-0.026224,-0.004747,0.034664
-0.028714,0.005104,0.022897
-0.059294,0.019308,0.093287
-0.028096,-0.016499,0.022997
-0.031225,0.017201,0.052690
-0.043575,-0.008774,0.064079
-0.025453,-0.017648,0.030437
-0.034164,-0.022207,0.020656
-0.029276,0.014052,0.022660
-0.024423,-0.002591,0.045638
-0.030652,0.005175,0.021664
-0.031507,-0.014865,0.021198
-0.044853,0.019420,0.069683
-0.014401,0.019670,0.017133
-0.030561,0.006578,0.021742
-0.028024,-0.017131,0.023095
-0.030732,0.000502,0.021550
-0.027906,-0.020872,0.023295
-0.025050,0.019616,0.029384
-0.025151,0.010544,0.045667
-0.025722,-0.033965,0.030000
