actions11 :  tensor([[ 0.0147,  0.0804,  0.1240,  1.6537, -0.1521, -0.0342, -0.2914],
        [ 0.2987,  0.5708,  0.0753,  1.4245,  0.0526, -0.2227,  0.0381],
        [ 0.2378,  0.0873,  0.3035,  1.4794, -0.3866, -0.2000, -0.0959],
        [ 0.2296, -0.0025, -0.2576,  1.2656,  0.1614, -0.3052, -0.0747],
        [ 0.0798,  0.3800, -0.0204,  1.4278, -0.6947, -0.2028, -0.5258],
        [-0.1790,  0.4773, -0.1684,  1.2421, -0.4951, -0.4287, -0.1038],
        [ 0.2832,  0.0890, -0.3122,  1.5509, -0.1162, -0.1527, -0.0987],
        [ 0.5725,  0.1726, -0.3048,  1.5133, -0.3434, -0.2863, -0.2459]],
       device='cuda:0')
actions22 :  tensor([[ 0.0147,  0.0804,  0.1240,  1.6537, -0.1521, -0.0342, -0.2914],
        [ 0.2987,  0.5708,  0.0753,  1.4245,  0.0526, -0.2227,  0.0381],
        [ 0.2378,  0.0873,  0.3035,  1.4794, -0.3866, -0.2000, -0.0959],
        [ 0.2296, -0.0025, -0.2576,  1.2656,  0.1614, -0.3052, -0.0747],
        [ 0.0798,  0.3800, -0.0204,  1.4278, -0.6947, -0.2028, -0.5258],
        [-0.1790,  0.4773, -0.1684,  1.2421, -0.4951, -0.4287, -0.1038],
        [ 0.2832,  0.0890, -0.3122,  1.5509, -0.1162, -0.1527, -0.0987],
        [ 0.5725,  0.1726, -0.3048,  1.5133, -0.3434, -0.2863, -0.2459]],
       device='cuda:0')
ee_data:  tensor([[ 3.9567, -1.2650,  0.1557],
        [ 3.9592,  1.2348,  0.1384],
        [ 1.4620, -1.2650,  0.1476],
        [ 1.2804,  1.1774,  0.0892],
        [-1.0595, -1.2650,  0.1288],
        [-1.0439,  1.2350,  0.1506],
        [-3.5374, -1.2650,  0.1452],
        [-3.5361,  1.2350,  0.1489]], device='cuda:0')
actions22 :  tensor([[ 0.0147,  0.0804,  0.1240,  1.6537, -0.1521, -0.0342, -0.2914],
        [ 0.2987,  0.5708,  0.0753,  1.4245,  0.0526, -0.2227,  0.0381],
        [ 0.2378,  0.0873,  0.3035,  1.4794, -0.3866, -0.2000, -0.0959],
        [ 0.2296, -0.0025, -0.2576,  1.2656,  0.1614, -0.3052, -0.0747],
        [ 0.0798,  0.3800, -0.0204,  1.4278, -0.6947, -0.2028, -0.5258],
        [-0.1790,  0.4773, -0.1684,  1.2421, -0.4951, -0.4287, -0.1038],
        [ 0.2832,  0.0890, -0.3122,  1.5509, -0.1162, -0.1527, -0.0987],
        [ 0.5725,  0.1726, -0.3048,  1.5133, -0.3434, -0.2863, -0.2459]],
       device='cuda:0')
ee_data:  tensor([[ 3.9587, -1.2650,  0.1530],
        [ 3.9623,  1.2350,  0.1413],
        [ 1.4610, -1.2650,  0.1464],
        [ 1.2804,  1.1774,  0.0892],
        [-1.0589, -1.2650,  0.1299],
        [-1.0447,  1.2350,  0.1503],
        [-3.5365, -1.2650,  0.1452],
        [-3.5371,  1.2350,  0.1474]], device='cuda:0')
actions22 :  tensor([[ 0.0147,  0.0804,  0.1240,  1.6537, -0.1521, -0.0342, -0.2914],
        [ 0.2987,  0.5708,  0.0753,  1.4245,  0.0526, -0.2227,  0.0381],
        [ 0.2378,  0.0873,  0.3035,  1.4794, -0.3866, -0.2000, -0.0959],
        [ 0.2296, -0.0025, -0.2576,  1.2656,  0.1614, -0.3052, -0.0747],
        [ 0.0798,  0.3800, -0.0204,  1.4278, -0.6947, -0.2028, -0.5258],
        [-0.1790,  0.4773, -0.1684,  1.2421, -0.4951, -0.4287, -0.1038],
        [ 0.2832,  0.0890, -0.3122,  1.5509, -0.1162, -0.1527, -0.0987],
        [ 0.5725,  0.1726, -0.3048,  1.5133, -0.3434, -0.2863, -0.2459]],
       device='cuda:0')
ee_data:  tensor([[ 3.9606, -1.2650,  0.1499],
        [ 3.9646,  1.2350,  0.1438],
        [ 1.4603, -1.2650,  0.1452],
        [    nan,     nan,     nan],
        [-1.0585, -1.2650,  0.1310],
        [-1.0455,  1.2350,  0.1501],
        [-3.5355, -1.2650,  0.1449],
        [-3.5377,  1.2350,  0.1459]], device='cuda:0')
actions22 :  tensor([[ 0.0147,  0.0804,  0.1240,  1.6537, -0.1521, -0.0342, -0.2914],
        [ 0.2987,  0.5708,  0.0753,  1.4245,  0.0526, -0.2227,  0.0381],
        [ 0.2378,  0.0873,  0.3035,  1.4794, -0.3866, -0.2000, -0.0959],
        [ 0.2296, -0.0025, -0.2576,  1.2656,  0.1614, -0.3052, -0.0747],
        [ 0.0798,  0.3800, -0.0204,  1.4278, -0.6947, -0.2028, -0.5258],
        [-0.1790,  0.4773, -0.1684,  1.2421, -0.4951, -0.4287, -0.1038],
        [ 0.2832,  0.0890, -0.3122,  1.5509, -0.1162, -0.1527, -0.0987],
        [ 0.5725,  0.1726, -0.3048,  1.5133, -0.3434, -0.2863, -0.2459]],
       device='cuda:0')
ee_data:  tensor([[ 3.9617, -1.2650,  0.1480],
        [ 3.9665,  1.2350,  0.1458],
        [ 1.4597, -1.2650,  0.1443],
        [    nan,     nan,     nan],
        [-1.0583, -1.2650,  0.1319],
        [-1.0461,  1.2350,  0.1500],
        [-3.5348, -1.2650,  0.1446],
        [-3.5383,  1.2350,  0.1448]], device='cuda:0')
actions22 :  tensor([[ 0.0147,  0.0804,  0.1240,  1.6537, -0.1521, -0.0342, -0.2914],
        [ 0.2987,  0.5708,  0.0753,  1.4245,  0.0526, -0.2227,  0.0381],
        [ 0.2378,  0.0873,  0.3035,  1.4794, -0.3866, -0.2000, -0.0959],
        [ 0.2296, -0.0025, -0.2576,  1.2656,  0.1614, -0.3052, -0.0747],
        [ 0.0798,  0.3800, -0.0204,  1.4278, -0.6947, -0.2028, -0.5258],
        [-0.1790,  0.4773, -0.1684,  1.2421, -0.4951, -0.4287, -0.1038],
        [ 0.2832,  0.0890, -0.3122,  1.5509, -0.1162, -0.1527, -0.0987],
        [ 0.5725,  0.1726, -0.3048,  1.5133, -0.3434, -0.2863, -0.2459]],
       device='cuda:0')
ee_data:  tensor([[ 3.9628, -1.2650,  0.1462],
        [ 3.9680,  1.2350,  0.1475],
        [ 1.4592, -1.2650,  0.1437],
        [    nan,     nan,     nan],
        [-1.0580, -1.2650,  0.1326],
        [-1.0466,  1.2350,  0.1499],
        [-3.5342, -1.2650,  0.1445],
        [-3.5389,  1.2350,  0.1439]], device='cuda:0')
actions22 :  tensor([[ 0.0147,  0.0804,  0.1240,  1.6537, -0.1521, -0.0342, -0.2914],
        [ 0.2987,  0.5708,  0.0753,  1.4245,  0.0526, -0.2227,  0.0381],
        [ 0.2378,  0.0873,  0.3035,  1.4794, -0.3866, -0.2000, -0.0959],
        [ 0.2296, -0.0025, -0.2576,  1.2656,  0.1614, -0.3052, -0.0747],
        [ 0.0798,  0.3800, -0.0204,  1.4278, -0.6947, -0.2028, -0.5258],
        [-0.1790,  0.4773, -0.1684,  1.2421, -0.4951, -0.4287, -0.1038],
        [ 0.2832,  0.0890, -0.3122,  1.5509, -0.1162, -0.1527, -0.0987],
        [ 0.5725,  0.1726, -0.3048,  1.5133, -0.3434, -0.2863, -0.2459]],
       device='cuda:0')
ee_data:  tensor([[ 3.9637, -1.2650,  0.1445],
        [ 3.9692,  1.2351,  0.1489],
        [ 1.4588, -1.2650,  0.1431],
        [    nan,     nan,     nan],
        [-1.0578, -1.2650,  0.1332],
        [-1.0470,  1.2350,  0.1498],
        [-3.5337, -1.2650,  0.1443],
        [-3.5393,  1.2350,  0.1431]], device='cuda:0')
actions22 :  tensor([[ 0.0147,  0.0804,  0.1240,  1.6537, -0.1521, -0.0342, -0.2914],
        [ 0.2987,  0.5708,  0.0753,  1.4245,  0.0526, -0.2227,  0.0381],
        [ 0.2378,  0.0873,  0.3035,  1.4794, -0.3866, -0.2000, -0.0959],
        [ 0.2296, -0.0025, -0.2576,  1.2656,  0.1614, -0.3052, -0.0747],
        [ 0.0798,  0.3800, -0.0204,  1.4278, -0.6947, -0.2028, -0.5258],
        [-0.1790,  0.4773, -0.1684,  1.2421, -0.4951, -0.4287, -0.1038],
        [ 0.2832,  0.0890, -0.3122,  1.5509, -0.1162, -0.1527, -0.0987],
        [ 0.5725,  0.1726, -0.3048,  1.5133, -0.3434, -0.2863, -0.2459]],
       device='cuda:0')
ee_data:  tensor([[ 3.9644, -1.2650,  0.1433],
        [ 3.9702,  1.2351,  0.1501],
        [ 1.4584, -1.2650,  0.1426],
        [    nan,     nan,     nan],
        [-1.0576, -1.2650,  0.1337],
        [-1.0473,  1.2350,  0.1498],
        [-3.5332, -1.2650,  0.1442],
        [-3.5396,  1.2350,  0.1425]], device='cuda:0')
actions22 :  tensor([[ 0.0147,  0.0804,  0.1240,  1.6537, -0.1521, -0.0342, -0.2914],
        [ 0.2987,  0.5708,  0.0753,  1.4245,  0.0526, -0.2227,  0.0381],
        [ 0.2378,  0.0873,  0.3035,  1.4794, -0.3866, -0.2000, -0.0959],
        [ 0.2296, -0.0025, -0.2576,  1.2656,  0.1614, -0.3052, -0.0747],
        [ 0.0798,  0.3800, -0.0204,  1.4278, -0.6947, -0.2028, -0.5258],
        [-0.1790,  0.4773, -0.1684,  1.2421, -0.4951, -0.4287, -0.1038],
        [ 0.2832,  0.0890, -0.3122,  1.5509, -0.1162, -0.1527, -0.0987],
        [ 0.5725,  0.1726, -0.3048,  1.5133, -0.3434, -0.2863, -0.2459]],
       device='cuda:0')
ee_data:  tensor([[ 3.9650, -1.2650,  0.1422],
        [ 3.9710,  1.2351,  0.1511],
        [ 1.4581, -1.2650,  0.1422],
        [    nan,     nan,     nan],
        [-1.0575, -1.2650,  0.1341],
        [-1.0476,  1.2350,  0.1497],
        [-3.5329, -1.2650,  0.1441],
        [-3.5399,  1.2350,  0.1420]], device='cuda:0')
actions22 :  tensor([[ 0.0147,  0.0804,  0.1240,  1.6537, -0.1521, -0.0342, -0.2914],
        [ 0.2987,  0.5708,  0.0753,  1.4245,  0.0526, -0.2227,  0.0381],
        [ 0.2378,  0.0873,  0.3035,  1.4794, -0.3866, -0.2000, -0.0959],
        [ 0.2296, -0.0025, -0.2576,  1.2656,  0.1614, -0.3052, -0.0747],
        [ 0.0798,  0.3800, -0.0204,  1.4278, -0.6947, -0.2028, -0.5258],
        [-0.1790,  0.4773, -0.1684,  1.2421, -0.4951, -0.4287, -0.1038],
        [ 0.2832,  0.0890, -0.3122,  1.5509, -0.1162, -0.1527, -0.0987],
        [ 0.5725,  0.1726, -0.3048,  1.5133, -0.3434, -0.2863, -0.2459]],
       device='cuda:0')
ee_data:  tensor([[ 3.9654, -1.2650,  0.1413],
        [ 3.9716,  1.2351,  0.1519],
        [ 1.4579, -1.2650,  0.1419],
        [    nan,     nan,     nan],
        [-1.0574, -1.2650,  0.1345],
        [-1.0478,  1.2350,  0.1497],
        [-3.5326, -1.2650,  0.1440],
        [-3.5401,  1.2350,  0.1416]], device='cuda:0')
actions22 :  tensor([[ 0.0147,  0.0804,  0.1240,  1.6537, -0.1521, -0.0342, -0.2914],
        [ 0.2987,  0.5708,  0.0753,  1.4245,  0.0526, -0.2227,  0.0381],
        [ 0.2378,  0.0873,  0.3035,  1.4794, -0.3866, -0.2000, -0.0959],
        [ 0.2296, -0.0025, -0.2576,  1.2656,  0.1614, -0.3052, -0.0747],
        [ 0.0798,  0.3800, -0.0204,  1.4278, -0.6947, -0.2028, -0.5258],
        [-0.1790,  0.4773, -0.1684,  1.2421, -0.4951, -0.4287, -0.1038],
        [ 0.2832,  0.0890, -0.3122,  1.5509, -0.1162, -0.1527, -0.0987],
        [ 0.5725,  0.1726, -0.3048,  1.5133, -0.3434, -0.2863, -0.2459]],
       device='cuda:0')
ee_data:  tensor([[ 3.9658, -1.2650,  0.1406],
        [ 3.9722,  1.2351,  0.1526],
        [ 1.4577, -1.2650,  0.1416],
        [    nan,     nan,     nan],
        [-1.0573, -1.2650,  0.1347],
        [-1.0480,  1.2350,  0.1497],
        [-3.5324, -1.2650,  0.1439],
        [-3.5403,  1.2350,  0.1413]], device='cuda:0')
ee_w存在 NaN 值: tensor([[ 3.9658, -1.2650,  0.1406],
        [ 3.9722,  1.2351,  0.1526],
        [ 1.4577, -1.2650,  0.1416],
        [    nan,     nan,     nan],
        [-1.0573, -1.2650,  0.1347],
        [-1.0480,  1.2350,  0.1497],
        [-3.5324, -1.2650,  0.1439],
        [-3.5403,  1.2350,  0.1413]], device='cuda:0')